Task 1 Optimization Report
Optimized Focal Length f: 887.290771

--- Camera 000 ---
Rotation Matrix R:
[[ 0.1582296   0.621352    0.7673885 ]
 [-0.18398352  0.7821216  -0.5953453 ]
 [-0.97011006 -0.04698564  0.23807332]]
Translation Vector T: [ 0.22649568 -0.04128504 -2.085147  ]

--- Camera 001 ---
Rotation Matrix R:
[[ 0.207119    0.6127529   0.76265043]
 [-0.17134175  0.7902255  -0.5883755 ]
 [-0.9631946  -0.0088101   0.26866087]]
Translation Vector T: [ 0.22136594 -0.03970119 -2.0747721 ]

--- Camera 002 ---
Rotation Matrix R:
[[ 0.25549322  0.60263044  0.7560157 ]
 [-0.15829206  0.79749054 -0.58219624]
 [-0.95376456  0.02907589  0.29914504]]
Translation Vector T: [ 0.2156857  -0.03840839 -2.0646136 ]

